2015-12-20 340 37 0.5 10.882
2015-12-20 300 34 0.5 11.333
2015-12-22 333 33 0.67 9.91
2015-12-23 157 20 0.49 12.739
2015-12-29 305 22.5 0.56 7.377
2016-01-04 331 36.5 0.56 11.027
2016-01-08 324 34.5 0.56 10.648
2016-01-17 280 30.31 0.56 10.825
2016-01-17 377 39.81 0.7 10.56
2016-01-17 330 39.54 1.82 11.982
2016-01-17 140 17 1.85 12.143
2016-01-17 314 37 2 11.783
2016-01-17 255 27.07 1.83 10.616
2016-01-27 300 35.05 1.77 11.683
2016-01-27 120 14.91 1.77 12.425
2016-01-27 300 33.54 1.96 11.18
2016-01-27 310 36.09 1.63 11.642
2016-01-27 140 15.52 1.66 11.086
2016-01-27 290 34.42 0.67 11.869
2016-01-27 340 43.29 0.48 12.732
2016-02-02 363 41.19 0.48 11.347
2016-02-06 266 29.34 0.48 11.03
2016-02-11 347 38.11 0.45 10.983
2016-02-18 358 38.2 0.45 10.67
2016-02-20 178 17.55 0.45 9.86
2016-02-22 378 42.69 0.45 11.294
2016-02-27 342 35.18 0.45 10.287
2016-03-05 471 50 0.45 10.616
2016-03-08 205 22.56 0.45 11.005
2016-03-13 251 25.6 0.45 10.199
2016-03-19 362 39.25 0.45 10.843
2016-03-23 302 32.18 0.45 10.656
2016-03-29 450 46.75 0.45 10.389
2016-04-05 362 36.2 0.4 10.0
2016-04-09 368 40.52 0.4 11.011
2016-04-17 279 30.5 0.4 10.932
2016-04-22 285 33.85 0.4 11.877
2016-04-28 288 32 0.4 11.111
2016-04-28 333 40.5 0.67 12.162
2016-04-28 300 33.76 1.69 11.253
2016-04-28 290 33.66 2 11.607
2016-04-28 280 28.72 1.65 10.257
2016-04-28 300 34.37 1.57 11.457
2016-05-09 345 40.621 1.54 11.774
2016-05-09 285 29.32 1.64 10.288
2016-05-09 300 36.08 1.47 12.027
2016-05-09 180 16.85 1.55 9.361
2016-05-09 270 30.36 0.67 11.244
2016-05-09 240 34 0.62 14.167
2016-05-09 180 20 0.47 11.111
2016-05-11 364 38.88 0.4 10.681
2016-05-19 230 29.67 0.45 12.9
2016-05-19 326 33.85 0.4 10.383
2016-05-29 355 40 0.4 11.268
2016-05-29 180 20 0.4 11.111
2016-05-30 285 35.02 0.4 12.288
2016-06-05 345 37.5 0.4 10.87
2016-06-07 225 28.4 0.48 12.622
2016-06-07 282 32.6 0.4 11.56
2016-06-13 263 30 0.4 11.407
2016-06-17 326 37.9 0.4 11.626
2016-06-20 296 36.14 0.4 12.209
2016-06-25 332 42.65 0.4 12.846
2016-06-27 281 32.69 0.4 11.633
2016-07-02 333 39 0.4 11.712
2016-07-13 300 38.9 0.4 12.967
2016-07-13 300 37.7 0.4 12.567
2016-07-20 290 34.9 0.4 12.034
2016-07-24 335 41 0.4 12.239
2016-07-28 330 37 0.4 11.212
2016-08-03 288 35.5 0.39 12.326
2016-08-11 328 36.66 0.39 11.177
2016-08-20 340 39 0.39 11.471
2016-08-20 340 40.13 0.57 11.803
2016-08-20 344 38.81 1.82 11.282
2016-08-20 120 12.64 1.82 10.533
2016-08-20 372 39.52 1.78 10.624
2016-08-20 242 27.28 1.74 11.273
2016-08-20 270 32.72 1.73 12.119
2016-09-04 200 25 1.78 12.5
2016-09-04 340 38 1.74 11.176
2016-09-04 187 22.5 1.84 12.032
2016-09-04 285 29.4 1.89 10.316
2016-09-04 322 37.23 1.85 11.562
2016-09-04 165 19.2 1.84 11.636
2016-09-04 335 40 0.57 11.94
2016-09-04 354 40 0.39 11.299
2016-09-09 336 41 0.39 12.202
2016-09-13 328 40.53 0.39 12.357
2016-09-17 290 35 0.39 12.069
2016-09-27 294 35.3 0.39 12.007
2016-09-29 340 40.2 0.39 11.824
2016-10-02 160 19.5 0.39 12.188
2016-10-06 289 33.33 0.39 11.533
2016-10-10 317 34.62 0.39 10.921
2016-10-19 310 37.4 0.39 12.065
2016-10-23 259 27.9 0.39 10.772
2016-10-27 330 38.7 0.39 11.727
2016-10-28 344 38.8 0.39 11.279
2016-11-01 324 40.3 0.43 12.438
2016-11-04 324 34.4 0.43 10.617
2016-11-10 305 34.4 0.43 11.279
2016-11-15 349 38.9 0.43 11.13
2016-11-21 269 30.4 0.43 11.28
2016-11-26 362 40.4 0.43 11.16
2016-11-30 343 40.2 0.43 11.72
2016-12-06 333 35 0.43 10.511
2016-12-10 287 30.6 0.43 10.662
2016-12-27 318 34.6 0.43 10.881
2016-12-27 350 40.4 0.43 11.543
2017-01-05 356 38 0.43 10.674
2017-01-05 325 37.5 0.46 11.538
2017-01-21 326 36.31 0.46 11.138
2017-01-21 324 34.05 0.46 10.509
2017-01-28 325 35.6 0.46 10.954
2017-02-09 328 36 0.50 10.976
2017-02-09 330 38 0.5 11.515
2017-02-12 335 34.5 0.50 10.299
2017-02-17 340 38.5 0.50 11.324
2017-02-28 250 34 0.50 13.6
2017-02-28 333 40 0.63 12.012
2017-02-28 340 40 2.55 11.765
2017-02-28 360 40 2.2 11.111
2017-02-28 375 40 2.25 10.667
2017-03-09 340 38 2.18 11.176
2017-03-09 150 18 2.2 12.0
2017-03-09 288 29 2.18 10.069
2017-03-09 333 37 2.2 11.111
2017-03-09 130 16 2.22 12.308
2017-03-09 299 38 0.63 12.709
2017-03-09 350 40 0.5 11.429
2017-03-16 320 38.5 0.50 12.031
2017-03-23 335 37 0.5 11.045
2017-03-30 167 20 0.5 11.976
2017-03-30 345 40 0.63 11.594
2017-03-30 345 38 2.19 11.014
2017-03-30 370 39.4 2.11 10.649
2017-03-30 320 36 2.19 11.25
2017-04-04 255 31.41 2.27 12.318
2017-04-10 380 50 2.17 13.158
2017-04-10 288 27.7 2.12 9.618
2017-04-10 300 35.5 2.13 11.833
2017-04-10 133 14 2.19 10.526
2017-04-10 344 40.3 0.63 11.715
2017-04-10 320 34 0.5 10.625
2017-04-15 320 34.5 0.5 10.781
2017-04-25 326 36.5 0.5 11.196
2017-05-06 330 40 0.53 12.121
2017-05-06 318 320 0.5 100.629
2017-05-17 315 35 0.50 11.111
2017-05-17 325 36.5 0.5 11.231
2017-05-23 355 39.7 0.5 11.183
2017-05-30 344 41 0.5 11.919
2017-06-15 340 39.7 0.50 11.676
2017-06-15 320 36.5 0.63 11.406
2017-06-16 225 26.5 0.5 11.778
2017-06-25 284 33.5 0.5 11.796
2017-06-28 352 40.5 0.5 11.506
2017-07-04 315 37 0.5 11.746
2017-07-11 325 37 0.5 11.385
2017-07-11 290 35 0.65 12.069
2017-07-11 350 40.5 0.5 11.571
2017-07-18 345 37.5 0.5 10.87
2017-07-21 315 36.5 0.5 11.587
2017-07-28 315 35.5 0.5 11.27
2017-07-31 275 30 0.53 10.909
2017-08-07 361 42.5 0.52 11.773
2017-08-08 301 29.7 0.5 9.867
2017-08-16 321 38.8 0.5 12.087
2017-08-20 290 30.5 0.5 10.517
2017-08-20 340 40.2 0.64 11.824
2017-08-20 345 39 1.88 11.304
2017-08-20 374 40.2 1.85 10.749
2017-08-24 331 36.9 1.89 11.148
2017-09-11 330 40 2.09 12.121
2017-09-11 320 40 1.95 12.5
2017-09-11 320 39 2.09 12.188
2017-09-16 210 28 2.12 13.333
2017-09-16 230 25 2.04 10.87
2017-09-16 298 36.5 2.13 12.248
2017-09-21 182 21.2 2.09 11.648
2017-09-21 347 39.4 0.59 11.354
2017-09-21 350 40 0.5 11.429
2017-09-22 315 35.2 0.50 11.175
2017-10-03 315 35.5 0.50 11.27
2017-10-05 318 39.5 0.5 12.421
2017-10-11 318 32.3 0.5 10.157
2017-10-17 359 37.5 0.50 10.446
2017-10-20 319 36.5 0.50 11.442
2017-10-25 321 36 0.5 11.215
2017-10-30 305 33.3 0.5 10.918
2017-11-08 330 37.5 0.5 11.364
2017-11-14 321 36.3 0.5 11.308
2017-11-17 306 35.5 0.5 11.601
2017-11-26 326 36.9 0.5 11.319
2017-12-02 310 36 0.5 11.613
2017-12-09 317 36 0.5 11.356
2017-12-15 311 34.5 0.5 11.093
2018-01-04 325 40.5 0.56 12.462
2018-01-04 320 33.5 0.5 10.469
2018-01-29 635 69 0.5 10.866
2018-01-29 520 52 0.5 10.0
2018-02-02 330 38.7 0.50 11.727
2018-02-12 333 38 0.50 11.411
2018-02-14 337 37.8 0.50 11.217
2018-02-22 325 36.5 0.50 11.231
2018-02-27 321 37.4 0.5 11.651
2018-03-05 315 31.8 0.5 10.095
2018-03-10 320 34.5 0.5 10.781
2018-03-18 316 36.5 0.5 11.551
2018-03-19 332 35.5 0.5 10.693
2018-04-11 320 33 0.5 10.313
2018-04-11 344 42 0.73 12.209
2018-04-11 300 32 2 10.667
2018-04-11 350 40 2 11.429
2018-04-11 330 36 2.1 10.909
2018-04-11 520 67 2 12.885
2018-04-11 550 61 2.2 11.091
2018-04-11 300 32 0.74 10.667
2018-04-11 350 40 0.5 11.429
2018-04-16 315 35.5 0.5 11.27
2018-04-19 312 31 0.5 9.936
2018-04-27 315 35.5 0.5 11.27
2018-05-08 302 34 0.5 11.258
2018-05-08 322 36.5 0.5 11.335
2018-05-12 222 25 0.5 11.261
2018-05-24 358 40.5 0.5 11.313
2018-05-24 356 38.7 0.5 10.871
2018-05-24 359 39 0.53 10.864
2018-06-01 315 38 0.53 12.063
2018-06-01 316 39.4 0.53 12.468
2018-06-08 324 38 0.53 11.728
2018-06-08 146 17 0.53 11.644
2018-06-13 317 41.6 0.53 13.123
2018-06-19 316 35.6 0.53 11.266
